# up left BS group 1
b0 origin 0.484912 2.348108 -3.294873 matrix -0.838541 -0.123744 0.530601 0.213752 0.821074 0.529290 -0.501159 0.557248 -0.662053
b1 origin -2.557576 2.355466 0.439615 matrix 0.836788 0.359817 -0.412696 0.022734 0.730262 0.682788 0.547055 -0.580731 0.602895

b0 origin 0.477889 2.348268 -3.296978 matrix -0.839632 -0.122527 0.529155 0.213752 0.821074 0.529290 -0.499327 0.557517 -0.663210
b1 origin -2.556441 2.355626 0.444142 matrix 0.837980 0.358549 -0.411379 0.022734 0.730262 0.682788 0.545228 -0.581515 0.603794

b0 origin 0.476334 2.348238 -3.297403 matrix -0.839863 -0.122269 0.528848 0.213752 0.821074 0.529290 -0.498939 0.557574 -0.663454
b1 origin -2.556264 2.355597 0.445119 matrix 0.838232 0.358280 -0.411100 0.022734 0.730262 0.682788 0.544840 -0.581681 0.603984

b0 origin 0.476485 2.348248 -3.297483 matrix -0.839797 -0.122343 0.528935 0.213752 0.821074 0.529290 -0.499050 0.557558 -0.663384
b1 origin -2.556608 2.355606 0.444638 matrix 0.838160 0.358356 -0.411180 0.022734 0.730262 0.682788 0.544951 -0.581633 0.603930



# up left BS group 2

b0 origin -3.000018 2.235225 -2.450599 matrix -0.554668 0.418823 -0.718979 -0.024577 0.855459 0.517287 0.831709 0.304593 -0.464203
b1 origin 0.820228 2.222705 0.326041 matrix 0.479280 -0.506107 0.717040 0.033253 0.826874 0.561404 -0.877032 -0.245226 0.413133

b0 origin -3.000063 2.235407 -2.451075 matrix -0.554765 0.418788 -0.718925 -0.024577 0.855459 0.517287 0.831644 0.304642 -0.464286
b1 origin 0.819860 2.222888 0.326010 matrix 0.479382 -0.506079 0.716992 0.033253 0.826874 0.561404 -0.876976 -0.245285 0.413217

b0 origin -2.999809 2.235599 -2.452155 matrix -0.555020 0.418695 -0.718782 -0.024577 0.855459 0.517287 0.831474 0.304770 -0.464506
b1 origin 0.819264 2.223079 0.326099 matrix 0.479650 -0.506003 0.716866 0.033253 0.826874 0.561404 -0.876830 -0.245440 0.413436

b0 origin -3.000195 2.235375 -2.452020 matrix -0.554894 0.418741 -0.718853 -0.024577 0.855459 0.517287 0.831558 0.304706 -0.464397
b1 origin 0.819299 2.222856 0.325655 matrix 0.479517 -0.506041 0.716928 0.033253 0.826874 0.561404 -0.876902 -0.245363 0.413328




# up right BS group 2

b0 origin -0.831517 2.258358 -2.652941 matrix -0.576760 0.410509 -0.706279 -0.024577 0.855459 0.517287 0.816544 0.315709 -0.483306
b1 origin 2.912938 2.245838 0.225091 matrix 0.502614 -0.499353 0.705710 0.033253 0.826874 0.561404 -0.863872 -0.258702 0.432203

b0 origin -0.835474 2.258309 -2.651569 matrix -0.575523 0.410987 -0.707010 -0.024577 0.855459 0.517287 0.817416 0.315087 -0.482236
b1 origin 2.913335 2.245790 0.220788 matrix 0.501305 -0.499744 0.706364 0.033253 0.826874 0.561404 -0.864632 -0.257946 0.431134

b0 origin -0.836498 2.258098 -2.651187 matrix -0.575234 0.411098 -0.707181 -0.024577 0.855459 0.517287 0.817620 0.314941 -0.481985
b1 origin 2.913327 2.245578 0.219844 matrix 0.500999 -0.499835 0.706516 0.033253 0.826874 0.561404 -0.864809 -0.257769 0.430884

b0 origin -0.836446 2.258047 -2.650983 matrix -0.575211 0.411107 -0.707194 -0.024577 0.855459 0.517287 0.817636 0.314930 -0.481966
b1 origin 2.913458 2.245527 0.219944 matrix 0.500975 -0.499842 0.706528 0.033253 0.826874 0.561404 -0.864823 -0.257755 0.430864

# up right BS group 1

b0 origin 2.656504 2.341829 -3.409032 matrix -0.829103 -0.126164 0.544675 0.224713 0.816859 0.531267 -0.511950 0.562871 -0.648910
b1 origin -0.460569 2.323480 0.286970 matrix 0.829418 0.365089 -0.422819 0.012747 0.744321 0.667700 0.558483 -0.559192 0.612700

b0 origin 2.656760 2.341774 -3.408907 matrix -0.829084 -0.126185 0.544700 0.224713 0.816859 0.531267 -0.511981 0.562866 -0.648889
b1 origin -0.460453 2.323424 0.286976 matrix 0.829397 0.365110 -0.422842 0.012747 0.744321 0.667700 0.558514 -0.559179 0.612684

b0 origin 2.656934 2.341761 -3.408836 matrix -0.829056 -0.126215 0.544734 0.224713 0.816859 0.531267 -0.512025 0.562859 -0.648860
b1 origin -0.460475 2.323412 0.286882 matrix 0.829367 0.365139 -0.422875 0.012747 0.744321 0.667700 0.558558 -0.559159 0.612661

b0 origin 2.656580 2.341495 -3.409225 matrix -0.829111 -0.126155 0.544665 0.224713 0.816859 0.531267 -0.511937 0.562873 -0.648918
b1 origin -0.460434 2.323146 0.286826 matrix 0.829427 0.365080 -0.422809 0.012747 0.744321 0.667700 0.558470 -0.559198 0.612706

# down right BS group 1

b0 origin -2.640790 2.333448 0.973044 matrix 0.830835 0.124254 -0.542470 0.224713 0.816859 0.531267 0.509134 -0.563295 0.650754
b1 origin 0.463724 2.315098 -2.733511 matrix -0.831308 -0.363189 0.420738 0.012747 0.744321 0.667700 -0.555666 0.560428 -0.614131

b0 origin -2.640868 2.333287 0.972866 matrix 0.830819 0.124272 -0.542491 0.224713 0.816859 0.531267 0.509160 -0.563292 0.650737
b1 origin 0.463765 2.314938 -2.733591 matrix -0.831290 -0.363207 0.420757 0.012747 0.744321 0.667700 -0.555692 0.560416 -0.614117

b0 origin -2.640503 2.333247 0.973503 matrix 0.830977 0.124097 -0.542289 0.224713 0.816859 0.531267 0.508903 -0.563330 0.650905
b1 origin 0.462981 2.314898 -2.733915 matrix -0.831463 -0.363033 0.420567 0.012747 0.744321 0.667700 -0.555434 0.560529 -0.614248

b0 origin -2.640867 2.333169 0.972660 matrix 0.830786 0.124308 -0.542533 0.224713 0.816859 0.531267 0.509214 -0.563283 0.650701
b1 origin 0.464007 2.314820 -2.733595 matrix -0.831254 -0.363243 0.420797 0.012747 0.744321 0.667700 -0.555746 0.560393 -0.614090


# down right BS group 2

b0 origin 0.801096 2.181265 0.196785 matrix 0.569802 -0.440143 0.693974 -0.010541 0.840491 0.541724 -0.821714 -0.315990 0.474274
b1 origin -2.960146 2.014196 -2.624839 matrix -0.494796 0.478096 -0.725673 0.021238 0.841461 0.539901 0.868750 0.251729 -0.426505

b0 origin 0.800676 2.181049 0.196800 matrix 0.569814 -0.440138 0.693967 -0.010541 0.840491 0.541724 -0.821706 -0.315996 0.474284
b1 origin -2.960527 2.013980 -2.624876 matrix -0.494808 0.478093 -0.725667 0.021238 0.841461 0.539901 0.868743 0.251736 -0.426515

b0 origin 0.799883 2.180293 0.196073 matrix 0.569791 -0.440147 0.693980 -0.010541 0.840491 0.541724 -0.821722 -0.315985 0.474265
b1 origin -2.961396 2.013224 -2.625501 matrix -0.494784 0.478100 -0.725678 0.021238 0.841461 0.539901 0.868756 0.251723 -0.426495

b0 origin 0.799954 2.180091 0.196474 matrix 0.569936 -0.440092 0.693897 -0.010541 0.840491 0.541724 -0.821622 -0.316062 0.474386
b1 origin -2.960830 2.013022 -2.625760 matrix -0.494937 0.478056 -0.725604 0.021238 0.841461 0.539901 0.868669 0.251807 -0.426623

# down left BS group 2

b0 origin 2.900350 2.236594 -0.166014 matrix 0.561815 -0.443183 0.698536 -0.010541 0.840491 0.541724 -0.827195 -0.311712 0.467529
b1 origin -0.888049 2.069525 -2.951069 matrix -0.486357 0.480512 -0.729770 0.021238 0.841461 0.539901 0.873502 0.247086 -0.419455

b0 origin 2.899921 2.236143 -0.164201 matrix 0.562401 -0.442963 0.698205 -0.010541 0.840491 0.541724 -0.826798 -0.312025 0.468023
b1 origin -0.886507 2.069073 -2.951936 matrix -0.486975 0.480338 -0.729473 0.021238 0.841461 0.539901 0.873158 0.247426 -0.419972

b0 origin 2.899610 2.235179 -0.165608 matrix 0.562050 -0.443095 0.698403 -0.010541 0.840491 0.541724 -0.827036 -0.311838 0.467727
b1 origin -0.887997 2.068110 -2.951740 matrix -0.486605 0.480442 -0.729651 0.021238 0.841461 0.539901 0.873364 0.247222 -0.419663

b0 origin 2.899280 2.235259 -0.164326 matrix 0.562534 -0.442912 0.698129 -0.010541 0.840491 0.541724 -0.826707 -0.312097 0.468136
b1 origin -0.886698 2.068189 -2.952672 matrix -0.487116 0.480298 -0.729406 0.021238 0.841461 0.539901 0.873079 0.247503 -0.420089

# down left BS group 1

b0 origin -0.563399 2.302027 0.575692 matrix 0.828072 0.115778 -0.548536 0.238581 0.812644 0.531685 0.507322 -0.571144 0.645306
b1 origin 2.546732 2.273673 -3.127331 matrix -0.828161 -0.377304 0.414479 -0.000599 0.740087 0.672511 -0.560491 0.556698 -0.613137

b0 origin -0.563089 2.301996 0.575531 matrix 0.828202 0.115631 -0.548371 0.238581 0.812644 0.531685 0.507109 -0.571174 0.645446
b1 origin 2.546092 2.273643 -3.128290 matrix -0.828304 -0.377161 0.414321 -0.000599 0.740087 0.672511 -0.560279 0.556795 -0.613244

b0 origin -0.563312 2.302185 0.575289 matrix 0.828048 0.115805 -0.548567 0.238581 0.812644 0.531685 0.507362 -0.571138 0.645279
b1 origin 2.546997 2.273831 -3.127584 matrix -0.828134 -0.377330 0.414508 -0.000599 0.740087 0.672511 -0.560531 0.556680 -0.613117

b0 origin -0.562839 2.302359 0.575135 matrix 0.828190 0.115645 -0.548386 0.238581 0.812644 0.531685 0.507129 -0.571171 0.645433
b1 origin 2.546432 2.274005 -3.128610 matrix -0.828291 -0.377174 0.414336 -0.000599 0.740087 0.672511 -0.560299 0.556786 -0.613233

# Middle BS group 1

b0 origin -1.607025 2.316165 1.751863 matrix 0.816380 0.128673 -0.562999 0.238581 0.812644 0.531685 0.525931 -0.568378 0.632727
b1 origin 1.586108 2.287811 -1.879830 matrix -0.815265 -0.389805 0.428248 -0.000599 0.740087 0.672511 -0.579089 0.548017 -0.603601

b0 origin -1.606748 2.316400 1.752117 matrix 0.816473 0.128571 -0.562886 0.238581 0.812644 0.531685 0.525785 -0.568401 0.632827
b1 origin 1.585737 2.288046 -1.880146 matrix -0.815368 -0.389707 0.428140 -0.000599 0.740087 0.672511 -0.578943 0.548087 -0.603677

b0 origin -1.606903 2.316473 1.751772 matrix 0.816381 0.128671 -0.562997 0.238581 0.812644 0.531685 0.525928 -0.568378 0.632729
b1 origin 1.586217 2.288119 -1.879932 matrix -0.815267 -0.389803 0.428246 -0.000599 0.740087 0.672511 -0.579086 0.548019 -0.603602

b0 origin -1.607665 2.316667 1.750777 matrix 0.816135 0.128936 -0.563292 0.238581 0.812644 0.531685 0.526310 -0.568318 0.632466
b1 origin 1.587153 2.288313 -1.879435 matrix -0.814996 -0.390059 0.428528 -0.000599 0.740087 0.672511 -0.579467 0.547836 -0.603402

# Middle BS group 2

b0 origin 1.875208 2.276165 1.062962 matrix 0.581261 -0.435104 0.687619 -0.013376 0.839811 0.542714 -0.813607 -0.324656 0.482330
b1 origin -1.834886 2.139063 -1.800706 matrix -0.507780 0.477571 -0.716997 0.019649 0.838483 0.544574 0.861262 0.262436 -0.435149

b0 origin 1.874252 2.276493 1.063656 matrix 0.581662 -0.434944 0.687382 -0.013376 0.839811 0.542714 -0.813321 -0.324870 0.482668
b1 origin -1.834432 2.139391 -1.801838 matrix -0.508204 0.477442 -0.716783 0.019649 0.838483 0.544574 0.861012 0.262671 -0.435502

b0 origin 1.873091 2.277131 1.064294 matrix 0.582088 -0.434774 0.687128 -0.013376 0.839811 0.542714 -0.813016 -0.325098 0.483029
b1 origin -1.834090 2.140029 -1.803144 matrix -0.508656 0.477304 -0.716554 0.019649 0.838483 0.544574 0.860746 0.262921 -0.435878

b0 origin 1.872591 2.277229 1.064691 matrix 0.582338 -0.434674 0.686980 -0.013376 0.839811 0.542714 -0.812837 -0.325232 0.483240
b1 origin -1.833709 2.140127 -1.803886 matrix -0.508920 0.477223 -0.716421 0.019649 0.838483 0.544574 0.860590 0.263068 -0.436098

