b0 origin 3.349460 1.941338 0.071409 matrix 0.087913 -0.302748 0.949007 -0.170163 0.934129 0.313764 -0.981487 -0.189069 0.030605
b1 origin -2.712498 1.879594 -1.143566 matrix -0.388628 0.259817 -0.884004 0.056723 0.964346 0.258493 0.919647 0.050314 -0.389509
b0 origin 3.348541 1.940722 0.076272 matrix 0.089401 -0.302461 0.948960 -0.170163 0.934129 0.313764 -0.981352 -0.189528 0.032044
b1 origin -2.711567 1.878978 -1.147892 matrix -0.390022 0.259740 -0.883413 0.056723 0.964346 0.258493 0.919057 0.050708 -0.390849
b0 origin 3.347697 1.940226 0.077773 matrix 0.089889 -0.302366 0.948944 -0.170163 0.934129 0.313764 -0.981308 -0.189679 0.032517
b1 origin -2.711801 1.878482 -1.149409 matrix -0.390479 0.259715 -0.883218 0.056723 0.964346 0.258493 0.918863 0.050837 -0.391289
b0 origin 3.347026 1.939968 0.079860 matrix 0.090520 -0.302244 0.948923 -0.170163 0.934129 0.313764 -0.981250 -0.189873 0.033127
b1 origin -2.711682 1.878224 -1.151216 matrix -0.391070 0.259682 -0.882966 0.056723 0.964346 0.258493 0.918611 0.051004 -0.391857
b0 origin 3.346447 1.939629 0.081296 matrix 0.091019 -0.302148 0.948906 -0.170163 0.934129 0.313764 -0.981203 -0.190027 0.033609
b1 origin -2.711636 1.877885 -1.152860 matrix -0.391537 0.259656 -0.882767 0.056723 0.964346 0.258493 0.918413 0.051136 -0.392306
b0 origin 3.345736 1.939258 0.082307 matrix 0.091255 -0.302102 0.948898 -0.170163 0.934129 0.313764 -0.981182 -0.190100 0.033838
b1 origin -2.712048 1.877513 -1.153310 matrix -0.391758 0.259644 -0.882672 0.056723 0.964346 0.258493 0.918318 0.051199 -0.392519
b0 origin 3.345303 1.939065 0.082386 matrix 0.091296 -0.302094 0.948896 -0.170163 0.934129 0.313764 -0.981178 -0.190112 0.033877
b1 origin -2.712430 1.877321 -1.153483 matrix -0.391796 0.259642 -0.882656 0.056723 0.964346 0.258493 0.918302 0.051209 -0.392555
b0 origin 3.345074 1.939018 0.085246 matrix 0.092176 -0.301923 0.948866 -0.170163 0.934129 0.313764 -0.981095 -0.190383 0.034728
b1 origin -2.711547 1.877274 -1.156056 matrix -0.392620 0.259596 -0.882304 0.056723 0.964346 0.258493 0.917950 0.051442 -0.393347
b0 origin 3.345198 1.938961 0.086229 matrix 0.092502 -0.301860 0.948854 -0.170163 0.934129 0.313764 -0.981065 -0.190483 0.035044
b1 origin -2.711011 1.877217 -1.157086 matrix -0.392925 0.259579 -0.882173 0.056723 0.964346 0.258493 0.917819 0.051529 -0.393640
b0 origin 3.345244 1.939177 0.086951 matrix 0.092756 -0.301811 0.948845 -0.170163 0.934129 0.313764 -0.981041 -0.190561 0.035289
b1 origin -2.710644 1.877433 -1.157928 matrix -0.393162 0.259565 -0.882071 0.056723 0.964346 0.258493 0.917718 0.051596 -0.393868
b0 origin 3.344985 1.939107 0.088492 matrix 0.093191 -0.301726 0.948829 -0.170163 0.934129 0.313764 -0.981000 -0.190695 0.035710
b1 origin -2.710350 1.877362 -1.159073 matrix -0.393569 0.259542 -0.881896 0.056723 0.964346 0.258493 0.917543 0.051711 -0.394259

